361592
43969
42170
41799
32371
30386
29075
24565
21510
18194
16414
15271
14068
12856
12527
12226
11562
11077
10372
9761
9385
9313
9021
8927
8490
8422
8305
8157
7912
7788
7447
7191
7176
7147
7025
6822
6607
6544
6483
6202
6196
6033
6020
5886
5621
5431
5408
5380
5352
5348
5327
5154
5102
5065
4903
4819
4763
4570
4534
4450
4376
4287
4265
4264
4142
4092
4080
3975
3959
3922
3687
3646
3534
3528
3488
3454
3436
3426
3340
3333
3250
3233
3221
3179
3171
3170
3146
3133
3128
3111
3081
3025
2942
2933
2875
2824
2809
2785
2710
2692
2675
2656
2628
2628
2616
2531
2495
2465
2453
2450
2444
2441
2429
2379
2362
2342
2315
2286
2256
2228
2212
2199
2150
2127
2121
2093
2076
2072
2071
2065
2040
1987
1972
1950
1945
1939
1835
1824
1810
1805
1796
1777
1753
1720
1719
1702
1679
1665
1649
1632
1630
1627
1623
1613
1560
1556
1545
1542
1517
1503
1495
1489
1487
1485
1472
1459
1428
1418
1408
1402
1399
1397
1378
1375
1371
1359
1350
1307
1300
1299
1292
1285
1276
1272
1267
1236
1235
1232
1224
1202
1192
1172
1161
1153
1149
1136
1134
1134
1132
1118
1111
1109
1100
1097
1082
1074
1067
1065
1060
1059
1048
1041
1040
1028
1020
998
995
995
995
991
986
977
963
939
932
927
922
918
912
905
905
895
867
866
865
859
851
850
850
848
843
841
840
835
833
825
809
801
796
795
794
788
788
784
780
773
772
766
758
758
756
752
751
743
736
730
725
723
720
720
717
715
714
711
711
707
706
689
686
684
683
676
672
670
660
655
652
651
648
643
639
637
636
631
631
616
611
608
603
600
595
595
594
590
589
585
578
578
578
577
577
577
549
539
538
533
531
528
527
525
523
518
517
514
514
512
512
508
504
501
497
497
488
473
472
468
467
465
464
462
461
461
460
456
454
454
453
452
452
448
445
441
441
437
434
433
431
430
425
423
422
415
412
411
407
402
402
402
398
395
389
387
384
382
382
379
379
375
374
372
367
359
358
355
355
353
350
348
346
342
342
341
338
336
334
334
334
331
330
329
328
328
324
321
321
320
317
317
314
313
313
312
310
309
308
306
305
300
299
298
298
298
298
295
293
293
292
290
289
288
282
282
281
280
279
279
278
274
274
273
271
267
262
262
260
260
260
260
259
259
258
255
254
253
253
253
252
251
250
250
250
249
247
246
243
243
240
239
237
237
236
233
233
233
229
229
227
224
223
223
221
220
219
219
218
218
218
214
214
212
212
212
211
210
210
208
207
207
206
206
205
204
203
201
199
199
198
198
196
194
192
192
191
189
189
188
187
187
184
184
184
183
183
181
181
181
179
177
176
176
175
175
174
173
173
171
169
168
168
168
166
165
164
164
162
161
161
160
159
158
156
155
154
154
152
150
149
148
147
147
146
145
143
143
142
142
141
138
136
135
135
134
134
133
132
132
132
131
131
131
130
130
130
129
129
128
128
128
125
125
124
123
123
122
122
121
120
117
115
115
114
113
112
111
111
110
110
109
107
107
107
106
106
105
105
105
104
104
102
102
102
102
101
101
101
100
99
98
98
97
97
95
95
95
95
95
93
92
92
92
92
92
92
92
92
91
91
90
89
89
88
88
88
88
88
87
87
87
87
85
84
84
84
83
82
82
82
81
81
81
80
79
79
79
78
78
78
77
77
77
77
76
76
76
76
75
75
75
74
74
74
72
72
72
72
70
70
70
69
69
68
68
68
67
66
66
66
65
65
64
63
63
62
62
61
60
60
59
59
58
58
57
57
57
57
56
55
55
55
54
54
54
53
53
53
53
53
53
51
50
50
50
50
50
49
49
48
48
47
47
46
46
46
46
46
45
45
45
44
44
44
44
44
44
43
43
43
43
43
43
42
42
42
42
42
42
41
40
40
40
39
39
39
38
38
38
38
38
38
37
37
37
37
37
36
36
36
36
35
35
35
35
35
35
35
35
34
34
33
33
33
33
33
33
33
32
32
32
32
31
31
31
31
31
30
29
29
29
29
29
28
28
28
28
28
28
28
28
28
27
27
27
26
26
26
26
26
26
25
25
25
25
25
25
25
25
24
24
24
24
24
23
23
23
23
23
23
23
22
22
22
21
21
21
21
21
20
20
20
20
20
20
19
19
19
19
19
19
18
18
18
18
18
18
18
18
18
18
18
17
17
17
17
17
17
17
16
16
16
16
16
16
16
16
15
15
15
15
14
14
14
14
14
13
13
13
13
13
13
13
12
12
12
12
12
12
12
12
12
12
11
11
11
11
11
11
11
11
11
11
11
11
11
10
10
10
10
10
10
10
10
9
9
9
9
9
9
9
9
9
9
9
9
9
9
9
9
9
8
8
8
8
8
8
8
8
8
8
8
8
8
8
8
8
8
8
8
8
8
7
7
7
7
7
7
7
7
7
7
7
7
7
7
6
6
6
6
6
6
6
6
6
6
6
6
6
6
6
6
6
6
5
5
5
5
5
5
5
5
5
5
5
5
5
5
5
4
4
4
4
4
4
4
4
4
4
4
4
4
4
4
4
4
4
3
3
3
3
3
3
3
3
3
3
3
3
3
3
3
3
3
3
3
3
3
3
3
3
3
3
3
3
3
3